[gd_scene load_steps=8 format=2]

[ext_resource path="res://ModeloEnemigo.tscn" type="PackedScene" id=1]
[ext_resource path="res://scripts/ControlEnemigo.gd" type="Script" id=2]
[ext_resource path="res://scripts/Hitbox_ManoDer.gd" type="Script" id=3]

[sub_resource type="BoxShape" id=4]
extents = Vector3( 1, 1, 10.9339 )

[sub_resource type="BoxShape" id=2]
extents = Vector3( 174.104, 190.916, 179.659 )

[sub_resource type="BoxShape" id=3]
extents = Vector3( 272.536, 488.464, 156.853 )

[sub_resource type="BoxShape" id=5]
extents = Vector3( 143.813, 228.892, 154.426 )

[node name="Enemy" type="KinematicBody"]
collision_layer = 4
script = ExtResource( 2 )

[node name="CollisionShape (Suelo)" type="CollisionShape" parent="."]
transform = Transform( 1, 0, 0, 0, -4.37114e-08, -1, 0, 1, -4.37114e-08, 0, 10.9638, 0 )
shape = SubResource( 4 )

[node name="Spatial" type="Spatial" parent="."]

[node name="AbelJefe" parent="Spatial" instance=ExtResource( 1 )]

[node name="BoneAttachment_MDer" type="BoneAttachment" parent="Spatial/AbelJefe/Armature/Skeleton" index="1"]
transform = Transform( -0.624436, -0.751315, 0.213552, -0.702345, 0.659726, 0.267345, -0.341746, 0.0169532, -0.939639, -270.352, 875.372, -1313.26 )
bone_name = "mixamorig_LeftHand"

[node name="Hitbox_ManoDer" type="Area" parent="Spatial/AbelJefe/Armature/Skeleton/BoneAttachment_MDer"]
collision_layer = 4
collision_mask = 0
script = ExtResource( 3 )

[node name="CollisionShape" type="CollisionShape" parent="Spatial/AbelJefe/Armature/Skeleton/BoneAttachment_MDer/Hitbox_ManoDer"]
transform = Transform( 1, 7.45058e-09, -9.31323e-10, 7.45058e-09, 1, -1.28057e-09, -9.31323e-10, 3.84171e-09, 1, 0, 0, 0 )
shape = SubResource( 2 )

[node name="BoneAttachment_Pecho" type="BoneAttachment" parent="Spatial/AbelJefe/Armature/Skeleton" index="2"]
transform = Transform( 0.912711, -0.22249, -0.342721, 0.40523, 0.385275, 0.829066, -0.0524173, -0.895578, 0.441804, 15.0925, -48.3037, -1193.86 )
bone_name = "mixamorig_Spine1"

[node name="Hurtbox_PechoE" type="Area" parent="Spatial/AbelJefe/Armature/Skeleton/BoneAttachment_Pecho"]
transform = Transform( 1, 2.4297e-16, -3.46945e-18, -2.00984e-16, 1, 0, 3.46945e-18, 0, 1, 0, 0, 0 )
collision_layer = 0
collision_mask = 2

[node name="CollisionShape" type="CollisionShape" parent="Spatial/AbelJefe/Armature/Skeleton/BoneAttachment_Pecho/Hurtbox_PechoE"]
shape = SubResource( 3 )

[node name="BoneAttachment" type="BoneAttachment" parent="Spatial/AbelJefe/Armature/Skeleton" index="3"]
transform = Transform( -0.867133, -0.47468, -0.150856, -0.498049, 0.82322, 0.2725, -0.00516228, 0.311427, -0.950256, -130.924, 292.133, -56.1926 )
bone_name = "mixamorig_RightFoot"

[node name="Hitbox_PieDer" type="Area" parent="Spatial/AbelJefe/Armature/Skeleton/BoneAttachment"]
collision_layer = 4
collision_mask = 0
monitoring = false

[node name="CollisionShape" type="CollisionShape" parent="Spatial/AbelJefe/Armature/Skeleton/BoneAttachment/Hitbox_PieDer"]
transform = Transform( 1, 0, 0, 2.98023e-08, 1, 0, -1.49012e-08, 0, 1, 16.77, 122.428, -24.9608 )
shape = SubResource( 5 )

[node name="Timer" type="Timer" parent="."]

[node name="ImmunityTimer" type="Timer" parent="."]

[node name="TimerIA" type="Timer" parent="."]

[connection signal="area_entered" from="Spatial/AbelJefe/Armature/Skeleton/BoneAttachment_Pecho/Hurtbox_PechoE" to="." method="_on_Hurtbox_PechoE_area_entered"]

[editable path="Spatial/AbelJefe"]
